site_id	Site	Sample Type	Sample Point	Ag	alk_bicarb	alk_carb	alk_total	As	B	Ba	Be	Br	Ca	Cd	Cl	Co	Cr	Cu	DO	EC	F	Fe	K	Li	Mg	Mn	Mo	Na	Ni	ORP	P	Pb	ph_field	ph_lab	Sb	Se	SO4	Sr	TDS	TEMP	Tl	TURB	U	V	Zn
S64	13113	CCP Porewater	XPW-01-FIL				215	-0.001	0.965	0.128	-0.001		66	-0.001	35	-0.001	-0.0015	-0.001	0.54	639	0.58	0.909	11	0.0175	21.2	0.0873	0.0499	45.9	-0.001	-101.8		-0.001	6.98	7.15	-0.001	-0.001	89	0.455	408	17.7	-0.002	6.23	0.0017	-0.005	-0.015
S74	13113	GW-Downgradient	MW-370-FIL				395	-0.001	1.81	0.0429	-0.001		38.2	-0.001	1300	-0.001	-0.0015	-0.001	0.56	4971	3.39	-0.025	6.39	0.193	23.2	0.0143	0.0089	1150	-0.001	-139.7		-0.001	7.49	8.1	-0.001	-0.001	262	2.57	2940	15.6	-0.002	2.36	-0.001	-0.005	-0.015
S73	13113	GW-Downgradient	MW-393-FIL				801	-0.001	1.79	0.0403	-0.001		7.67	-0.001	549	-0.001	-0.0015	-0.001	0.47	3592	8.05	-0.025	3.26	0.101	3.87	0.0135	0.0025	958	-0.001	-338		-0.001	8.24	8.22	-0.001	-0.001	165	0.365	1990	16.7	-0.002	24.9	-0.001	-0.005	-0.015
S75	13113	GW-Upgradient	MW-358-FIL				804	0.0038	1.33	0.236	-0.001		13.3	-0.001	1050	-0.001	-0.003	-0.001	0.9	5516	3.14	0.129	4	0.166	6.8	0.277	-0.003	1280	-0.001	-257.8		-0.001	7.84	8.14	-0.001	-0.001	12	0.549	1070	14.2	-0.002	6.46	0.00197	-0.005	-0.015
S26	13116	CCP Porewater	NED1-FF				180	0.036	11	0.22	-0.00053		430	-0.00017	12	0.00053	-0.0011	0.00081	1.09	2409	0.29	0.2	28	0.3	40	0.2	0.08	63	0.0007	-27.7		-0.00019	8.21	8.1	-0.0013	-0.00098	1300	1.8	2300	16.1	-0.00057	0	0.0069	-0.0022	-0.0069
S27	13116	GW-Upgradient	22-FF				430	-0.00023	0.55	0.082	-0.00053		41	-0.00017	10	-0.0004	-0.0011	-0.0005	1.34	864	0.49	0.19	2.4	0.034	23	0.018	-0.0025	110	-0.00063	-8.1		-0.00019	7.36	8.2	-0.0013	-0.00098	30	0.33	500	13.1	-0.00057	0	-0.00015	-0.0022	-0.0069
S93	17481	CCP Porewater	Leachate (Day 1)		161		161	0.0521	30.3	0.0453	-0.001		561	0.003	572	-0.002	0.0316	-0.002	5.39	5422	0.42	-0.08	591	6.75	30.2	0.0143	6.72	330	-0.001	222.6		-0.002	8.2		-0.002	0.0321	2130	7.01	4150	23.8	0.003	1.48		0.0614	-0.016
S95	17481	CCP Porewater	Leachate (Day 2)		162		162	0.0458	31.6	0.0481	-0.001		577	0.003	612	-0.002	0.031	-0.004	5.19	5706	0.43	-0.08	625	6.87		0.0283	6.92	348	-0.001	185		-0.002	8.18		-0.002	0.0293	2160	7.17	4210	25.8	0.0031	0.6		0.0608	-0.016
S92	17481	GW-Downgradient	PH-MW-03A		445		445	-0.001	3.42	0.0531	-0.001		9.23	-0.0002	334	-0.001	-0.001	-0.002	1.36	2355	1.8	-0.04	10.7	0.0893	3.62	0.0071	0.023	494	-0.001	68.4		-0.001	8.05		-0.001	-0.002	49.6	0.833	1120	9.5	-0.0002	0.94		0.0034	-0.004
S85	17481	GW-Downgradient	SLF-MW-2B		318		318	-0.002	4.45	0.11	-0.001		70.6	-0.0002	1940	-0.002	-0.002	-0.002	0.65	7076	1.2	0.351	25.3	0.308	26	0.151	0.0098	1410	0.0017	-164.7		-0.002	7.69		-0.001	0.0022	402	5.78	3980	12.2	-0.0002	1.01		-0.002	-0.016
S86	17481	GW-Downgradient	SLF-MW-3B		238		238	-0.001	2.26	0.0668	-0.001		183	-0.0002	217	-0.001	-0.001	-0.002	0.31	1807	0.17	0.445	9.31	0.416	41.8	0.35	0.0697	125	-0.001	-80.2		-0.001	7.18		-0.001	-0.002	387	1.85	1120	13.3	-0.0002	0.47		-0.001	-0.004
S87	17481	GW-Downgradient	SLF-MW-5R/5B		278		278	-0.001	1.13	0.0584	-0.001		154	-0.0002	51.2	-0.001	-0.001	-0.002	4.12	1067	0.17	-0.04	3.38	0.155	31.2	-0.002	0.018	25.2	-0.001	192.5		-0.001	7.05		-0.001	-0.002	243	0.928	706	13	-0.0002	4.41		-0.001	-0.004
S90	17481	GW-Upgradient	PH-MW-01		1160		1160	-0.001	1.89	0.0464	-0.001		340	-0.0002	128	0.0081	-0.001	-0.002	1.49	2556	-0.1	0.375	17.4	0.0898	98.4	0.534	-0.001	195	0.0151	124.6		-0.001	6.19		-0.001	-0.002	343	6.16	1860	10.2	-0.0002	0.35		-0.001	0.0074
S91	17481	GW-Upgradient	PH-MW-02		450		450	0.0013	1.59	0.0619	-0.001		31.7	-0.0002	325	-0.001	-0.001	-0.002	0.35	1977	0.53	0.963	12.2	0.0949		0.132	0.002	380	-0.001	-155.8		-0.001	7.7		-0.001	-0.002	34	1.39	1030	11.6	-0.0002	0.57		-0.001	-0.004
S88	17481	GW-Upgradient	SLF-MW-6		121		121	-0.005	1.72	0.309	-0.01		1840	-0.0005	25500	-0.0075	-0.0075	-0.01	0.25	61141	1.2	10.9	139	1.98	413	2.03	-0.005	12600	-0.005	-125.1		-0.02	7.19		-0.01	0.0136	380	118	46800	10	-0.002	1.5		-0.0075	-0.02
S89	17481	GW-Upgradient	SLF-MW-7		230		230	-0.005	5.21	3.75	-0.01		527	-0.0005		-0.0075	-0.0075	-0.01	0.5	37731	0.51	3.8	87.9	1.71	234	0.33	-0.005	8660	-0.005	-91.5		-0.01	7.02		-0.01	0.0123	67.7	54.8	26000	11.7	-0.001	0.81		-0.0075	-0.02
S45	22348	CCP Porewater	C1P	-0.0002	148	-10	148	-0.001	4.67	0.06	-0.001		193	-0.0005	19.3	-0.006	0.017	0.002	7.27	1460	-1	0.042	32.6	-0.01	12.6	0.008	1.17	80.6	0.004	106.6		-0.001	7.3	7.3	0.002	0.146	599	4.55	1080	12.4	-0.002	-1		0.108	-0.01
S47	22348	CCP Porewater	C2P	-0.0002	240	249	489	0.019	5.37	0.041	-0.001		81.3	-0.001	60.6	-0.006	0.007	0.002	6.3	1770	-1	0.052	50	-0.01	-1	0.016	6.35	184	0.002	67.3		-0.001	11	11	0.001	0.079	597	3.67	1240	9.7	-0.002	-1		0.062	-0.01
S49	22348	CCP Porewater	C3P	-0.0002	-10	413	845	0.168	6.23	-0.005	-0.001		3.71	-0.0015	121	-0.006	0.003	0.009	5.92	4640	-1	0.081	60.7	0.031	-1	-0.005	8.13	638	0.01	62.2		-0.001	11.9	11.9	0.004	0.471	869	0.078	2280	11.3	-0.002	2.58		0.363	-0.01
S51	22348	CCP Porewater	C4P	-0.0002	188	-10	188	0.002	2.34	0.08	-0.001		259	-0.0002	29.4	-0.006	0.005	0.002	8.74	2970	-1	0.036	28.1	0.023	28.6	-0.005	1.35	257	0.005	139.8		-0.001	7.8	7.8	-0.001	0.049	1540	4.1	2510	15.3	-0.002	2.65		0.028	-0.01
S53	22348	CCP Porewater	C5P	-0.0002	63.1	-10	63.1	0.001	0.818	0.156	-0.001		212	-0.0002	16.8	-0.006	0.088	0.004	9.82	2980	-1	0.042	42.1	-0.01	6.12	-0.005	0.551	310	0.004	138.4		-0.001	8.5	8.5	-0.001	0.026	1550	3.63	2310	11.3	-0.002	-1		0.021	-0.01
S55	22348	CCP Porewater	C6P	-0.0002	95.4	-10	95.4	-0.001	1.94	0.028	-0.001		43.1	-0.0002	2.47	-0.006	0.046	0.002	11.6	552	-1	0.03	0.516	-0.01	9.18	-0.005	0.262	29.2	-0.002	149.1		-0.001	8.1	8.1	-0.001	0.008	164	0.262	346	6.2	-0.002	-1		-0.002	-0.01
S59	22348	GW-Upgradient	MW-15026	-0.0002	-10	-10	-10	-0.001	-0.02	0.007	-0.001		3.37	-0.0002	1.91	-0.006	-0.001	-0.001	7.13	37.8	-1	-0.02	0.344	-0.01	-1	-0.005	-0.005	1.39	-0.002	202.8		-0.001	5.9	5.9	-0.001	-0.001	6.53	0.035	27	10	-0.002	3.52		-0.002	-0.01
S40	22354	Ash Pond Water	MP-001F		79	12	91	0.0097	0.86	0.24	-0.00062		100	-0.0002	23	0.00019	0.0048		19.85	573	0.4	-0.047	5	0.066	13		0.3	27		31.9	0.23	-0.00045	8.78		0.00077	0.011	290	2.1	500	15.2	0.00036	4.42		0.92	
S17	22354	CCP Porewater	PZ-1		-5	130	440	0.0064	7.5	2.5	-0.00062		120	0.0003	97	-0.00019	-0.0012		2.95	1212	0.47	-0.047	30	0.021	-0.061		1.5	67		67.4	-0.076	-0.00045	11.44		0.001	0.014	25	14	650	14	-0.0002	0.51		0.016	
S18	22354	CCP Porewater	PZ-2		-5	270	1700	0.0086	5.8	0.52	-0.00062		23	0.00046	32	0.0012	-0.0012		2.28	5564	3	-0.047	240	0.0025	-0.061		2	600		-24.5	-0.076	-0.00045	12.28		0.00066	0.13	120	3.4	2000	14.4	0.00038	1.62		0.38	
S19	22354	CCP Porewater	PZ-3		-5	110	570	0.0025	4.2	1.9	-0.00062		87	-0.0002	34	-0.00019	-0.0012		2.48	1715	0.65	-0.047	67	0.055	-0.061		0.18	100		47.4	-0.076	-0.00045	11.75		-0.00057	0.054	14	15	730	14	-0.0002	0.62		0.037	
S20	22354	CCP Porewater	PZ-4		-5	61	160	0.081	2.5	0.13	-0.00062		71	0.00029	34	-0.00019	-0.0012		2.53	724	0.29	-0.047	68	0.52	-0.061		1.3	41		73	-0.076	-0.00045	11.24		0.00083	0.0074	180	1.6	490	12.4	-0.0002	4.1		0.27	
S15	22354	CCP Porewater	PZ-5		-5	69	130	0.024	12	0.086	-0.00062		280	0.0025	26	-0.00019	-0.0012		3.04	931	0.094	-0.047	3.4	0.011	0.6		10	0.92		27.2	-0.076	-0.00045	10.18		0.0039	0.004	590	10	1000	13.5	-0.0002	1.68		0.39	
S1	22354	GW-Downgradient	MW-16-01		200	-5	200	-0.00075	0.26	0.0086	-0.00062		410	-0.0002	9.9	-0.00019	-0.0012		2.81	1727	1.6	0.12	3.5	0.072	140		0.0015	7.4		37.7	-0.076	-0.00045	6.9		0.00057	-0.00089	1500	12	2000	12.9	0.00072	1.52		-0.00082	
S9	22354	GW-Downgradient	MW-16-02		190	-5	190	-0.00075	0.37	0.0059	-0.00062		410	-0.0002	13	-0.00019	-0.0012		0.54	1834	1.5	0.23	3.7	0.1	140		-0.0011	10		-11.8	-0.076	-0.00045	7.13		-0.00057	-0.00089	1600	12	2100	12.12	-0.0002	0		-0.00082	
S8	22354	GW-Downgradient	MW-16-06		190	-5	190	0.00077	0.3	0.0059	-0.00062		390	-0.0002	11	-0.00019	-0.0012		2.39	1736	1.5	0.54	3.5	0.086	140		-0.0011	10		-13.3	-0.076	-0.00045	7.07		-0.00057	-0.00089	1500	12	1900	13.6	-0.0002	6.4		-0.00082	
S16	22354	GW-Downgradient	MW-16-07		190	-5	190	-0.00075	0.18	0.0057	-0.00062		420	-0.0002	7.2	-0.00019	-0.0012		2.5	1670	1.3	0.7	2.6	0.04	130		-0.0011	6.9		1.9	-0.076	-0.00045	6.9		-0.00057	-0.00089	1400	13	1900	12.3	-0.0002	1.71		-0.00082	
S14	22354	GW-Upgradient	MW-16-03		190	-5	190	-0.00075	0.39	0.006	-0.00062		410	-0.0002	19	-0.00019	-0.0012		0.53	1892.6	1.5	0.85	3.7	0.11	140		-0.0011	12		-39.4	-0.076	-0.00045	7.11		-0.00057	-0.00089	1700	12	2400	12.43	-0.0002	4		-0.00082	
S11	22354	GW-Upgradient	MW-16-04		230	-5	230	-0.00075	0.15	0.011	-0.00062		540	-0.0002	35	-0.00019	-0.0012		0.54	1752	0.99	0.051	2.1	0.022	50		-0.0011	11		-179.6	-0.076	-0.00045	7.23		-0.00057	-0.00089	1400	18	2000	11.84	-0.0002	0.68		-0.00082	
S10	22354	GW-Upgradient	MW-16-05		190	-5	190	-0.00075	0.21	0.0059	-0.00062		420	-0.0002	11	-0.00019	-0.0012		0.51	1789.6	1.5	0.93	2.9	0.045	130		-0.0011	8.1		-92.1	-0.076	-0.00045	7.12		-0.00057	-0.00089	1400	12	1900	12.36	-0.0002	1.25		-0.00082	
S34	25410	CCP Porewater	Leach				35	0.0023	239	0.13	0.0078		911	0.0801	7390	0.0614	0.014	0.0064	0	0	68	-0.25	177	0.814	3980	256	0.189	768	0.439	0		-0.001	0	6.59	0.0066	0.53	5820	3.28	24200	0	0.0045	0		0.0125	1.32
S62	25410	GW-Upgradient	BMW-35				326	0.0007	0.103	0.132	-0.001		120	-0.001	13	0.0005	0.0008	0.0007	0.14	761.37	0.4	0.0716	0.613	0.0162	20.4	0.282	0.0008	5.89	0.0054	17.1		-0.001	6.84	7.28	-0.001	-0.001	18	0.459	416	14.38	-0.002	0.58		-0.005	-0.015
S60	25427	CCP Porewater	Leach				456	0.0373	8.65	0.0289	-0.001		7.25	0.0003	22	0.0008	0.0983	0.0055	0	0	1.1	0.409	26.8	0.0026	0.113	0.0031	0.796	498	0.0012	0		0.001	0	9.91	0.0008	0.0541	633	0.139	1470	0	-0.002	0		0.371	-0.015
S6	25427	GW-Upgradient	MW-17				472	0.0005	0.168	0.242	-0.001		148	-0.001	1	-0.001	-0.0015	0.0015	0.35	968.75	0.48	-0.025	5.2	0.0221	26	0.0187	0.0008	5.52	0.0016	74.6		-0.001	6.77	6.75	-0.001	0.0067	24	0.873	518	16.52	-0.002	2.06		-0.005	-0.015
S82	33106	CCP Porewater	AB-21S 				290	0.665	3.6	0.916	-0.000249		120	0.000146	24	0.005	-0.000185	-0.000787	0.35	385	2.3	1.79	12.4	0.147	24.5	0.787	0.707	9.5	0.00334	120		-0.000037	7.09	7.4	0.000835	0.00122	83	3.24	491	16	0.00028	8.7		0.0028	-0.004
S83	33106	CCP Porewater	AB-23S 				160	0.832	0.557	0.183	-0.000249		52.1	-0.000032	6.4	-0.000077	-0.000185	-0.000787	0.16	364	0.07	0.096	9.65	0.205	11.4	0.088	0.0608	5.91	0.00064	276		-0.000037	8.13	8.2	0.000589	-0.000193	31	1.96	211	14	-0.000041	8.3		0.00298	-0.004
S84	33106	CCP Porewater	AB-24SL 				230	0.549	2.71	0.376	-0.000249		164	0.00014	12	0.000117	-0.000185	-0.000787	0.16	949	1.4	0.744	9.19	0.159	34.7	1.9	0.732	4.29	0.00206	-305		-0.000037	7.21	8.1	0.00155	0.000971	280	3.74	700	16	0.00006	6.2		0.00592	-0.004
S81	33106	GW-Upgradient	AB-12S 				3.52	-0.000111	0.007	0.073	-0.000249		0.166	-0.000032	10	0.00161	-0.000185	0.00138	2.79	51	-0.0479	0.151	1.29	-0.002	1.9	0.099	-0.00018	4.52	0.000277	461		0.000041	5.12	6.8	-0.000104	-0.000193	0.08	0.003	34	16	-0.000041	55.1		0.000304	0.008
S31	33107	CCP Porewater	AB-10SL				270	1.39	15.1	0.473	-0.000249		243	0.000639	7.6	0.00186	0.000238	-0.000787	1.6	175.6	6.2	0.271	66.9	1.58	63.1	0.692	4.01	82.3	0.0172	-19		-0.000037	8.1	7.76	0.00144	0.000689	770	6.81	1540	19.6	0.000088	1.5		0.00884	-0.004
S32	33107	CCP Porewater	AB-21S				270	6.67	8.12	0.056	-0.000249		138	-0.000032	760	0.00033	0.00178	-0.000787	0.3	3160	0.28	311	40.6	0.002	174	13	0.00856	21.9	0.0025	-94		-0.000037	6.4	6.24	-0.000104	-0.000193	160	3.16	1760	17.5	-0.000041	6.1		-0.000114	-0.004
S29	33107	GW-Upgradient	BG-3S				66	0.000233	0.007	0.513	-0.000249		6.26	0.000035	2	0.000201	0.00878	-0.000787	3.5	143.6	0.8	0.13	3.9	0.004	9.47	0.005	-0.00018	8.39	0.0116	155.5		0.000043	6.2	6.53	-0.000104	-0.000193	8.8	0.13	117	15.5	-0.000041	9.9		0.00867	-0.004
S30	33107	GW-Upgradient	GWA-12S				2.34	-0.000111	-0.005	0.048	-0.000249		0.326	-0.000032	2.2	0.000149	0.00404	0.000806	5.5	28.5	-0.0479	0.022	1.48	-0.002	0.395	0.008	-0.00018	3.44	0.00327	103.5		0.000054	5.2	6.13	-0.000104	-0.000193	1.4	0.01	-16.75	16.3	0.000048	2.6		-0.000114	-0.004
S36	35406	CCP Porewater	CA-1					0.103	3.18	0.0291	-0.0002		561	-0.0002	4.7	-0.001	-0.002		0	2520	-0.05	0.504	41.4	0.329	33.5	0.297	0.19	15.1		-201	0.082	-0.001	7.65		-0.001	-0.001	1710	4.75	2140	12.67	-0.001	1.96		0.0028	
S38	35406	CCP Porewater	CA-2					1.23	23.4	0.0233	-0.0002		532	-0.0002	12.1	-0.001	-0.002		0.26	2440	0.15	0.552	41.8	0.353	20.3	0.278	1.24	24		-101	0.52	-0.001	7.32		-0.001	-0.001	1240	4	2030	12.48	-0.001	1.22		0.0014	
S39	35406	CCP Porewater	CA-3					0.189	2.03	0.024	-0.0002		461	0.0016	428	-0.001	-0.002		0.49	9840	0.57	7.22	2100	0.697	200	1.12	0.139	449		-192	0.18	-0.001	7.68		-0.001	-0.001	4910	1.98	7730	14.03	-0.001	0.26		-0.001	
S43	35406	CCP Porewater	S-1008					0.112	1.38	0.0481	-0.0002		108	0.00087	18.6	0.0139	-0.002		1.59	1020	0.061	0.213	13.1	0.0996	24	0.449	0.0934	82.9		-19	0.76	-0.001	6.79		0.0312	-0.001	142	1.81	620	12.87	0.002	30.3		0.64	
S42	35406	CCP Porewater	Jules Verne					0.0611	7.04	0.0202	-0.0002		229	-0.0002	43.7	-0.001	-0.002		8.38	2110	0.8	-0.1	14.8	0.252	52.4	0.0212	0.347	133		103	0.11	-0.001	7.99		-0.001	-0.001	734	1.87	1390	12.59	-0.001	0.93		0.0021	
S41	35406	CCP Porewater	Leachate Outfall 602					0.0026	25.2	0.0227	-0.001		641	-0.0002	398	-0.001	0.0111		9.44	4670	4.8	-0.1	96.9	1.51	216	0.108	0.472	124		93	-0.05	-0.001	7.89		-0.001	0.143	1980	2.85	3800	10.37	-0.001	0.02		-0.001	
S68	42195	CCP Porewater	TW12-12122023		52.1	-2.6	52.1	0.587	3.09	0.0451	-0.00062		464	-0.000197	6.38	0.21	-0.0012	-0.0017	0.28	3474	0.631	249	56.7	1.61	149	8.96	0.131	30.6	0.0723	-162.8		-0.00045	6.86		-0.00057	-0.00089	2100	9.45	2670	15.8	-0.0002	0.38		-0.00082	-0.015
S76	42201	CCP Porewater	TW02-12122023		166	-2.6	166	0.259	0.649	0.0269	-0.00062		204	0.000293	20.2	-0.00019	-0.0012	-0.0017	0.21	1298	0.221	40.2	14.8	0.145	23.2	2.11	0.0918	14.4	-0.00147	-118.9		-0.00045	6.76		-0.00057	-0.00089	485	2.41	854	16.2	0.000401	13.5		-0.00082	0.0195
S77	42201	CCP Porewater	TW03-12132023		163	-2.6	163	0.373	3.18	0.0209	0.00071		365	0.000269	12.4	0.000255	-0.0012	-0.0017	0.14	2314	0.265	62.5	31.7	0.338	56.9	4.84	0.362	13.1	-0.00147	-144.8		-0.00045	6.86		-0.00057	0.001	1140	5.2	1690	16.2	0.000546	8.53		-0.00082	-0.015
S21	46001	CCP Porewater	P-1901				247	0.00365	0.278	0.0339	-0.000007	0.36	33.7	-0.000004	10.5	0.000024	0.00019	0.0012	0.36	1036	0.06	0.005	90.7	1.24	0.013	0.00016	0.593	41.4	0.0141	14.6		0.0002	11.68	11.5	0.000214	0.0262	112	1.43	450	15.9	-0.00002	1.53	0.000008	0.0884	0.002
S22	46001	CCP Porewater	P-1902				265	0.00295	0.19	0.065	-0.000007	0.3	81.8	-0.000004	8.34	0.00002	0.00013	-0.0001	0.18	1130	0.05	0.004	71.2	0.988	0.02	0.00015	0.364	40.1	0.0068	-1		-0.00005	11.78	11.7	0.000152	0.0249	133	2.62	490	15.9	-0.00002	1.39	0.00001	0.0478	-0.001
S23	46001	CCP Porewater	P-1903				240	0.00334	0.306	0.099	-0.000007	0.22	111	-0.000004	11.2	0.000012	0.00012	0.0002	0.26	1068	0.1	0.005	57.2	0.694	0.014	-0.00008	0.197	34.7	0.0068	8.9		-0.00005	11.87	11.7	0.00018	0.0307	163	3.58	490	14.7	-0.00002	1.16	0.000005	0.0731	0.012
S24	46001	CCP Porewater	Toe Drain				54	0.00588	0.289	0.0217	-0.000007	0.27	43.6	-0.000004	12	0.000244	0.00147	0.0005	6.18	400	0.25	-0.003	33.7	0.38	2.17	0.00112	0.311	24	0.0067	10.8		-0.00005	9.48	9.27	0.00119	0.0342	139	1.01	300	14.7	0.00002	0	0.00105	0.0698	0.001
S3	46001	GW-Downgradient	MW-1603				314	0.00392	0.356	4.01	-0.000007	2.89	38	-0.000004	357	0.000114	0.00023	0.0001	0.16	1668	0.13	2.55	6.44	0.111	9.68	0.163	0.0006	305	0.0033	-19.6		-0.00005	7.82	7.6	0.000124	-0.00004	-0.1	0.905	920	15.8	-0.00002	0.16	0.000016	-0.0002	0.002
S4	46001	GW-Downgradient	MW-1604				346	0.00337	0.403	3.13	-0.000007	0.32	26.5	-0.000004	16.5	0.000126	0.00015	-0.0001	0.14	568	0.28	3	3.24	0.0718	4.86	0.0914	0.0002	114	0.0002	2.2		-0.00005	7.36	7.56	0.000016	-0.00004	-0.1	0.228	400	15.5	-0.00002	0.3	0.000011	-0.0002	0.002
S5	46001	GW-Downgradient	MW-1605				399	0.00098	0.508	2.33	-0.000007	1.55	46.5	-0.000004	147	0.000024	0.00018	-0.0001	0.98	976	0.29	0.606	4.51	0.177	18	0.036	0.0001	167	0.0001	5.8		-0.00005	7.74	7.93	-0.000008	-0.00004	-0.1	0.954	630	15.4	-0.00002	0.84	0.000019	-0.0002	0.002
S1601	46001	GW-Upgradient	MW-1601				938	0.0034	0.513	0.12	-0.000007	0.24	4.85	-0.000004	13.9	0.00003	0.00016	-0.0001	0.17	1698	2.31	0.044	2.77	0.0966	1.05	0.0274	0.0007	503	0.0001	24.2		-0.00005	8.3	8.37	0.000014	-0.00004	127	0.316	1230	12.6	-0.00002	1	0.000701	-0.0002	-0.001
S1602	46001	GW-Upgradient	MW-1602				453	0.00155	0.589	0.1	-0.000007	0.08	3.85	-0.000004	4.34	0.000011	0.00018	-0.0001	0.24	671	1.65	0.029	1.64	0.0377	0.504	0.023	0.0005	205	-0.0001	15.7		-0.00005	8.43	8.46	0.000039	-0.00004	17.1	0.173	510	13	-0.00002	1.5	0.000119	-0.0002	-0.001
S108	3586	Ash Pond Water	Evap. Pond (WC Area)		406	-5	406	0.197	90.6	0.11	-0.00234		411	-0.00321	30100	0.0104	-0.039	-0.095		68300	120	-0.16	1910	27	7060	1.2	0.227	28900	0.297			-0.0202	8		0.0232	0.7	37700	20	113000	8.83	0.0145			0.0374	0.19
S98	3586	CCP Porewater	Porewater 1		354	234	588	1.06	88.3	0.14	-0.00234		488	-0.00802	25400	-0.00464	-0.039	-0.095		66800	85.5	1.7	1850	24	6490	1.2	0.0554	19700	0.16			-0.0404	8.1		0.103	0.0547	41100	16	103000	9.12	-0.0205			0.0148	-0.084
S103	3586	GW-Downgradient	MW77		608	-5	608	0.00216	0.714	0.035	0.00009		67.4	-0.0000802	233	0.00184	-0.004	-0.01		2400	3.75	2.6	14.5	0.43	22.3	0.35	0.00352	414	0.00159			-0.000404	7.1		-0.000114	-0.000318	290	1.8	1490	16	-0.000205			-0.00014	-0.008
S104	3586	GW-Downgradient	MW78		658	-5	658	-0.0000791	0.8	0.02	0.000122		117	-0.0000802	408	0.000416	-0.004	-0.01		3130	2.54	-0.016	19.9	0.56	39.1	0.17	0.00026	490	0.000822			-0.000404	6.8		-0.000114	-0.000318	382	3	1920	16.1	-0.000205			-0.00014	-0.008
S105	3586	GW-Downgradient	MW80		634	-5	634	0.000142	0.609	0.016	0.000216		169	-0.0000802	389	0.00145	-0.004	-0.01		2810	4.04	1.4	23.3	0.45	56.4	0.35	-0.000108	363	0.000585			-0.000404	6.7		-0.000114	-0.000318	779	3.4	1810	15.6	-0.000205			-0.00014	-0.008
S107	3586	GW-Downgradient	MW82		629	-5	629	0.00252	0.568	0.014	0.000314		213	-0.00016	346	0.00205	-0.004	-0.01		2940	2.48	1.6	24.8	0.41	67.8	0.33	0.000222	335	0.00067			-0.000404	6.7		-0.000228	-0.000318	478	3.6	1940	16.2	-0.000205			-0.00014	-0.008
S101	3586	GW-Upgradient	MW74		655	-5	655	0.00886	0.584	0.019	0.000432		234	-0.0000802	389	0.00242	-0.004	-0.01		3280	2.31	2.4	24.6	0.41	73.7	0.38	0.000818	361	0.00093			-0.000404	6.5		-0.000114	-0.000318	524	3.3	2130	15.9	-0.000205			-0.00014	-0.008
S102	3586	GW-Upgradient	MW75		665	-5	665	0.0152	0.603	0.015	0.000429		272	-0.0000802	355	0.000988	-0.004	-0.01		3150	2.39	2.2	27.2	0.38	85	0.096	0.00118	297	0.0018			-0.000404	6.5		-0.000114	-0.000318	535	2.8	2110	16.1	-0.000205			-0.00014	-0.008
S106	3586	GW-Upgradient	MW81		750	-5	750	0.000319	0.708	0.01	-0.0000585		42.5	-0.00016	309	-0.000116	-0.004	-0.01		4050	2.64	0.29	11.4	0.72	10.8	0.045	0.00184	772	0.000266			-0.000404	7.4		-0.000228	-0.000318	430	1.5	2660	16.2	-0.000205			-0.00014	-0.008
S109	3586	GW-Upgradient	Patterson Well (CGS P3)		530	-5	530	0.031	0.655	0.019	0.000455		226	-0.000401	375	-0.00058	-0.004	-0.01		2410	3.01	0.89	22.6	0.24	55.1	0.033	0.00176	304	-0.000932			-0.00101	6.6		-0.00057	-0.00159	385	2.3	1790	18.4	-0.000513			-0.000702	0.015